50
3
1 2 3
2 3 5
3 5 6
2 3 4
1 2 3
6
8 9 15 19 23 24
14 17 23 30 36 37
10 14 18 28 31 33
18 23 24 30 33 37
3 6 10 12 15 18
10 11 15 17 18 23
6 8 9 12 14 17
5 8 11 13 17 23
9 12 17 23 28 30
15 17 23 28 31 36
3 5 8 9 10 14
8
2 4 6 7 10 12 14 17
15 19 25 27 31 33 35 44
2 6 7 11 14 15 18 22
7 12 15 19 22 26 29 31
14 23 29 32 33 35 38 43
10 19 22 24 25 31 35 37
14 17 21 24 25 32 33 40
4 10 12 14 17 19 21 24
22 24 29 32 37 39 43 46
17 27 31 36 40 44 45 46
11 14 18 23 24 28 32 36
7 18 19 23 24 27 30 32
6 14 15 18 21 25 28 29
12 20 26 28 32 33 36 39
6 10 14 18 19 20 23 27
4
9 11 13 17
1 6 11 12
5 10 12 14
10 14 16 21
12 14 17 21
11 12 13 16
1 5 9 10
8
6 9 10 11 13 19 20 21
3 5 9 10 13 16 19 22
17 19 21 25 27 30 35 39
1 4 6 9 10 13 15 17
4 5 7 9 11 16 18 19
17 22 23 27 30 33 36 39
13 16 17 21 24 25 26 30
7 9 11 15 18 21 24 27
13 16 19 20 22 25 29 33
14 18 20 22 24 26 32 36
10 11 13 16 20 24 26 30
6 7 10 12 15 17 22 23
1 3 6 7 10 13 14 17
10 13 15 18 20 22 24 27
9 10 12 15 16 20 22 25
2
2 6
2 4
4 8
3
1 3 4
4 9 10
3 6 9
3 6 7
4 7 10
7
6 9 10 11 14 16 17
11 13 15 16 18 20 22
9 11 12 14 15 17 18
2 4 6 8 9 11 13
2 3 4 6 7 9 11
4 5 7 9 11 13 14
6 8 9 10 13 14 15
13 14 16 17 19 22 24
11 14 15 16 18 22 24
7 11 13 14 15 18 19
9 13 14 15 17 20 22
8 9 10 11 14 15 16
4 7 9 10 12 15 16
2
22 222
2 22
22 222
3
2 3 4
1 2 3
1 2 3
2 3 4
3 4 5
7
9 11 14 15 16 19 20
6 8 9 10 12 14 15
3 4 6 8 10 11 12
4 5 7 9 12 14 15
3 4 5 7 9 10 11
8 10 12 14 17 19 20
2 3 4 6 7 8 10
8 10 12 13 15 17 18
10 11 14 15 18 20 22
2 3 5 6 8 9 10
10 12 15 17 18 20 22
6 7 9 10 13 15 17
7 9 11 12 15 16 18
10
7 9 11 14 15 18 20 23 26 27
16 20 23 26 27 30 35 37 40 42
3 4 6 7 9 11 13 16 19 22
15 22 24 27 29 30 33 37 38 41
3 6 7 8 9 11 12 15 16 17
11 14 18 20 23 26 27 30 35 38
19 21 26 27 29 31 37 38 41 43
6 7 10 11 13 14 17 20 21 24
9 13 14 17 20 23 25 27 29 32
12 19 20 22 25 27 32 35 37 39
16 24 26 30 32 35 37 40 41 44
6 10 11 12 14 17 20 24 26 27
7 11 14 16 17 20 22 27 30 31
8 11 12 16 17 20 22 26 27 30
22 24 27 30 32 34 39 41 44 47
13 17 20 22 25 29 32 33 37 41
11 16 17 20 23 26 29 30 31 34
9 13 15 17 20 23 25 29 32 34
17 26 27 31 34 38 41 42 43 47
3
2 4 5
5 7 8
4 5 7
5 7 8
4 5 7
7
7 8 9 10 11 12 13
4 5 6 7 8 9 10
2 3 4 5 6 7 8
5 6 7 8 9 10 11
3 4 5 6 7 8 9
1 2 3 4 5 6 7
7 8 9 10 11 12 13
5 6 7 8 9 10 11
1 2 3 4 5 6 7
3 4 5 6 7 8 9
6 7 8 9 10 11 12
2 3 4 5 6 7 8
4 5 6 7 8 9 10
10
13 15 18 20 21 22 23 25 27 29
13 16 20 22 24 26 27 28 32 33
11 13 16 17 18 20 21 24 26 28
14 17 20 21 23 25 26 27 28 31
18 21 22 24 26 29 30 31 33 36
16 19 21 23 24 27 29 30 32 34
3 6 7 9 12 13 15 17 19 21
8 11 15 18 19 20 22 25 27 29
15 18 22 24 25 28 29 31 34 36
2 4 6 8 10 11 13 14 16 18
8 9 11 14 16 18 19 20 22 24
6 7 10 12 13 15 17 19 20 22
2 3 4 5 7 8 9 11 13 15
11 15 19 20 22 24 25 27 30 31
7 10 13 16 17 18 21 23 24 26
10 12 14 15 17 19 20 22 24 25
4 8 10 11 14 16 18 20 21 22
5 9 12 14 15 17 20 21 23 24
4 6 8 9 10 11 13 15 16 18
9
12 13 18 23 26 28 33 34 36
18 24 28 29 34 38 43 46 51
7 8 13 16 20 24 26 27 32
10 16 23 27 28 32 34 36 42
7 8 13 19 22 27 30 31 39
15 19 20 27 28 29 34 39 43
21 27 28 32 35 38 39 45 49
4 7 12 15 17 21 26 30 35
30 31 33 36 40 46 47 48 57
9 13 18 20 23 28 31 33 40
4 7 9 10 14 18 19 20 21
26 30 31 34 37 43 44 47 54
19 26 33 34 35 39 44 47 52
17 22 23 28 29 34 35 40 44
35 39 40 42 44 51 52 53 58
21 32 36 43 44 49 54 57 58
20 27 34 39 40 45 47 48 53
9
3 6 9 13 17 19 21 22 23
5 9 11 15 20 24 25 27 29
16 22 23 27 28 35 39 43 46
9 11 13 17 19 23 26 31 35
12 14 17 23 24 29 30 37 40
6 9 11 14 18 22 25 29 32
13 18 19 25 26 31 34 38 42
21 25 29 30 34 39 41 42 43
21 29 31 34 37 39 42 47 50
23 29 36 40 42 46 48 50 51
22 27 33 37 38 43 45 47 48
23 32 35 37 39 41 43 48 51
19 24 28 29 31 35 37 39 41
3 5 9 12 13 16 18 21 23
17 20 21 24 26 28 30 37 39
18 25 26 28 30 37 41 45 48
9 11 13 19 21 28 29 33 36
5
2 4 5 6 9
5 10 11 14 17
3 7 8 11 13
2 3 5 8 11
9 13 17 18 20
11 14 16 19 20
8 11 12 17 18
6 11 14 17 19
4 7 10 11 14
4
3 7 11 15
5 6 7 8
1 2 3 4
4 8 12 16
13 14 15 16
9 10 11 12
2 6 10 14
4
13 34 48 69
32 45 70 90
40 70 108 133
48 70 91 108
38 50 91 104
34 45 50 70
69 90 104 133
3
4 8 12
12 14 15
6 11 14
8 11 12
4 6 10
4
8 9 11 13
2 4 5 10
3 5 6 12
1 2 3 8
3 5 6 11
1 2 3 7
2 4 5 9
4
4 5 8 10
8 11 14 16
1 4 7 8
4 5 10 11
8 10 14 16
1 4 5 8
7 10 12 14
3
6 12 18
8 14 18
2 5 6
2 6 8
6 10 12
3
2 3 4
1 2 3
2 3 4
3 4 5
3 4 5
4
7 9 10 13
5 7 9 11
1 2 3 5
2 4 7 9
5 7 11 13
1 3 5 7
3 6 9 10
10
1 2 3 4 5 6 7 8 9 10
3 13 23 33 43 53 63 73 83 93
2 12 22 32 42 52 62 72 82 92
31 32 33 34 35 36 37 38 39 40
51 52 53 54 55 56 57 58 59 60
41 42 43 44 45 46 47 48 49 50
21 22 23 24 25 26 27 28 29 30
9 19 29 39 49 59 69 79 89 99
71 72 73 74 75 76 77 78 79 80
91 92 93 94 95 96 97 98 99 100
81 82 83 84 85 86 87 88 89 90
11 12 13 14 15 16 17 18 19 20
8 18 28 38 48 58 68 78 88 98
1 11 21 31 41 51 61 71 81 91
7 17 27 37 47 57 67 77 87 97
6 16 26 36 46 56 66 76 86 96
5 15 25 35 45 55 65 75 85 95
10 20 30 40 50 60 70 80 90 100
4 14 24 34 44 54 64 74 84 94
10
9 17 24 30 35 39 42 44 45 62
1 2 3 4 5 6 7 8 9 47
7 15 22 28 33 37 40 41 42 59
2 10 11 12 13 14 15 16 17 49
6 14 21 27 32 36 37 38 39 56
4 12 19 25 26 27 28 29 30 52
6 14 21 27 32 36 37 38 39 57
5 13 20 26 31 32 33 34 35 55
5 13 20 26 31 32 33 34 35 54
8 16 23 29 34 38 41 43 44 61
2 10 11 12 13 14 15 16 17 48
7 15 22 28 33 37 40 41 42 58
1 2 3 4 5 6 7 8 9 46
3 11 18 19 20 21 22 23 24 50
47 49 50 52 55 57 58 60 62 64
46 48 51 53 54 56 59 61 63 64
8 16 23 29 34 38 41 43 44 60
3 11 18 19 20 21 22 23 24 51
9 17 24 30 35 39 42 44 45 63
3
3 4 6
3 5 6
1 2 3
2 3 4
2 3 5
3
3 4 5
2 3 4
1 2 3
1 2 3
3 4 5
3
5 6 11
8 13 15
6 13 15
11 15 18
5 8 11
4
9 16 17 23
3 4 7 9
3 6 9 11
7 12 15 19
11 13 19 23
6 9 12 16
4 9 12 13
7
5 10 14 17 19 20 30
22 25 27 29 31 33 34
23 24 26 28 30 32 34
1 2 3 4 5 6 22
6 11 15 18 20 21 32
3 8 12 13 14 15 26
2 7 8 9 10 11 24
4 9 13 16 17 18 28
2 7 8 9 10 11 25
5 10 14 17 19 20 31
4 9 13 16 17 18 29
1 2 3 4 5 6 23
3 8 12 13 14 15 27
7
3 4 8 11 13 14 16
11 14 17 19 21 24 28
3 4 6 11 13 15 16
10 13 16 17 19 23 25
9 13 14 18 19 21 22
12 15 16 20 23 24 26
2 3 5 8 9 12 14
5 6 9 13 16 17 19
14 16 19 20 22 26 30
6 8 9 12 14 16 18
14 16 18 23 25 28 30
8 11 12 16 17 19 20
8 11 13 16 18 20 23
10
25 28 32 39 48 50 51 56 64 66
7 14 18 21 26 29 34 39 43 44
20 27 31 36 43 45 47 49 59 64
19 25 29 33 37 42 45 50 55 58
3 5 7 9 12 17 20 25 26 30
13 18 21 22 29 34 36 39 42 47
9 19 21 22 31 33 37 41 45 49
5 12 13 18 23 25 30 32 35 38
3 8 10 13 16 19 24 27 31 33
30 33 35 47 54 58 61 62 71 72
8 12 14 19 23 25 27 28 30 33
31 35 43 45 49 54 59 64 66 71
10 13 18 21 25 30 31 32 34 35
26 30 34 42 51 55 59 60 66 68
17 25 30 34 40 42 43 48 54 56
24 30 34 37 41 43 47 51 59 61
27 32 39 41 44 48 49 56 60 62
16 23 26 31 36 40 43 48 51 54
12 23 25 29 36 37 41 44 49 53
2
3 7
5 8
3 5
2
2 3
3 4
2 3
4
1 2 3 4
3 4 5 6
2 3 4 5
4 5 6 7
2 3 4 5
1 2 3 4
3 4 5 6
7
56 65 86 130 150 175 184
62 94 122 148 168 175 184
6 9 22 23 33 56 77
22 41 64 70 78 86 110
9 39 41 65 87 94 111
21 39 48 56 64 65 102
82 111 130 157 181 184 203
58 87 104 123 126 150 169
6 21 22 47 58 62 82
77 102 110 148 169 184 203
33 64 78 109 126 168 181
47 65 88 102 109 130 148
23 56 70 102 123 148 157
8
10 12 14 16 19 21 23 25
9 10 13 15 17 18 20 21
5 7 10 11 13 15 16 18
4 6 7 8 10 12 13 15
14 15 17 18 23 25 27 28
4 6 8 9 10 12 13 15
12 13 16 17 21 23 25 27
6 8 10 12 13 14 16 17
10 12 15 16 18 21 23 25
8 10 13 15 17 19 21 23
7 9 11 14 15 16 17 18
12 15 18 19 21 25 27 28
2 4 5 7 9 10 12 14
7 8 12 14 15 16 18 19
11 13 16 18 20 23 25 27
2
4 8
2 6
6 8
10
28 29 33 39 43 45 51 53 57 61
23 24 25 30 32 37 45 49 52 53
7 11 18 21 25 26 27 31 35 39
2 5 7 10 14 17 19 21 24 28
2 4 6 7 11 15 19 23 26 27
24 27 31 35 39 43 47 52 56 57
11 14 19 25 28 30 34 38 39 43
5 7 9 11 14 16 20 24 29 33
6 9 14 15 20 23 24 29 31 33
15 16 21 27 29 31 38 42 43 45
27 33 35 38 39 41 49 54 57 61
21 26 29 31 38 42 46 49 53 54
7 11 14 18 19 21 23 25 32 35
19 23 24 27 34 38 42 45 48 49
4 7 11 12 18 20 23 26 27 29
10 12 15 21 25 27 29 30 34 38
19 20 23 29 31 35 42 46 47 51
26 29 32 34 37 38 48 53 56 57
14 18 20 25 28 29 31 32 37 39
10
43 63 88 93 115 156 167 174 198 219
88 93 127 146 168 180 203 216 226 236
146 187 189 216 217 266 286 295 296 309
123 135 155 180 204 227 242 249 253 276
103 121 146 168 174 185 199 210 241 259
174 198 221 225 241 253 286 296 309 338
22 43 66 78 103 123 145 146 169 187
78 100 113 146 150 169 180 188 225 229
134 156 164 169 185 227 247 266 268 289
66 85 104 127 149 164 178 185 221 224
64 88 104 113 146 155 168 189 219 226
191 219 224 229 259 276 292 309 333 359
112 115 149 150 174 204 213 217 243 250
142 167 178 180 199 242 268 286 295 309
151 174 185 188 210 249 277 295 308 321
22 41 64 88 112 134 142 151 174 191
187 201 226 236 250 289 309 321 338 359
41 63 85 100 121 135 163 187 198 201
169 198 219 226 243 268 295 308 309 333
10
7 8 9 10 11 12 13 14 15 16
4 5 6 7 8 9 10 11 12 13
6 7 8 9 10 11 12 13 14 15
8 9 10 11 12 13 14 15 16 17
4 5 6 7 8 9 10 11 12 13
8 9 10 11 12 13 14 15 16 17
2 3 4 5 6 7 8 9 10 11
1 2 3 4 5 6 7 8 9 10
10 11 12 13 14 15 16 17 18 19
9 10 11 12 13 14 15 16 17 18
10 11 12 13 14 15 16 17 18 19
9 10 11 12 13 14 15 16 17 18
2 3 4 5 6 7 8 9 10 11
5 6 7 8 9 10 11 12 13 14
1 2 3 4 5 6 7 8 9 10
3 4 5 6 7 8 9 10 11 12
3 4 5 6 7 8 9 10 11 12
7 8 9 10 11 12 13 14 15 16
6 7 8 9 10 11 12 13 14 15
9
21 22 29 33 34 36 39 46 49
16 22 25 29 31 33 36 40 45
17 20 22 26 27 31 35 38 41
4 5 8 11 14 16 17 19 22
11 15 17 22 26 30 33 35 38
4 7 10 14 17 18 21 25 27
27 28 37 38 42 45 47 50 54
10 14 15 17 21 25 27 28 31
17 24 27 32 35 37 39 43 47
22 30 31 36 41 46 49 50 54
25 27 33 35 38 40 43 47 50
14 18 21 26 27 31 34 38 42
5 9 14 16 20 21 22 27 28
14 16 20 22 26 29 32 33 36
8 13 15 20 22 25 29 33 37
19 26 28 33 38 42 46 47 50
7 9 13 15 18 22 24 26 30
2
4 8
2 4
6 8
8
1 3 4 6 7 9 10 12
9 13 16 17 18 20 22 24
3 4 6 7 8 11 13 15
5 7 8 10 11 13 15 16
9 11 13 14 15 19 20 22
11 14 17 18 20 22 23 25
6 7 10 11 13 15 17 18
12 15 16 17 18 21 24 25
7 8 11 12 14 17 18 20
3 4 7 9 10 11 13 14
10 13 15 16 17 20 22 23
6 9 10 11 12 14 16 17
1 3 5 6 7 8 9 11
4 6 8 10 12 14 16 17
7 10 12 13 14 15 17 18
2
2 22
2 22
22 222
2
6 8
2 4
2 6
7
29 30 31 32 33 34 35
36 37 38 39 40 41 42
5 12 19 26 33 40 47
43 44 45 46 47 48 49
22 23 24 25 26 27 28
15 16 17 18 19 20 21
7 14 21 28 35 42 49
1 8 15 22 29 36 43
1 2 3 4 5 6 7
3 10 17 24 31 38 45
2 9 16 23 30 37 44
8 9 10 11 12 13 14
4 11 18 25 32 39 46
