Case #1: 3 4 6
Case #2: 3 4 5
Case #3: 2 22
Case #4: 15 17 21 22 24 26 29 31 32 34
Case #5: 4 8
Case #6: 1 2 3 8
Case #7: 48 52 60 63 68 74 78 82 88 93 97 98 102 108 112 113 117 121 122 124
Case #8: 3 7 11 15
Case #9: 2 6
Case #10: 36 38 45 48 50 51 53 54 55 58 61 63 64 67 68 70 74 76 78 79 80 82 83 86 87
Case #11: 53 62 67 69 70 72 75 77 78 80 83 86 88 90 92 95 96 100 101 103 105 107 110 112 114 116 117 119 121 122 126 127 131 133 135 137 139 140 141 143 144 145 148 150 151 153 155 157 158 162
Case #12: 2 3 6 7 10 13 14
Case #13: 3 10 17 24 31 38 45
Case #14: 1 2 3 4 5 6 7 8 9 47
Case #15: 14 17 20 23 24 26 27 30 31 33 37 38 41 44 46 47 50 51 56 58 61 63 65 66 67
