50
3
1 2 3
2 3 5
3 5 6
2 3 4
1 2 3
10
8 9 10 11 12 13 14 15 16 17
8 9 10 11 12 13 14 15 16 17
6 7 8 9 10 11 12 13 14 15
10 11 12 13 14 15 16 17 18 19
1 2 3 4 5 6 7 8 9 10
7 8 9 10 11 12 13 14 15 16
6 7 8 9 10 11 12 13 14 15
3 4 5 6 7 8 9 10 11 12
5 6 7 8 9 10 11 12 13 14
9 10 11 12 13 14 15 16 17 18
10 11 12 13 14 15 16 17 18 19
4 5 6 7 8 9 10 11 12 13
4 5 6 7 8 9 10 11 12 13
7 8 9 10 11 12 13 14 15 16
5 6 7 8 9 10 11 12 13 14
9 10 11 12 13 14 15 16 17 18
2 3 4 5 6 7 8 9 10 11
3 4 5 6 7 8 9 10 11 12
1 2 3 4 5 6 7 8 9 10
7
6 9 11 12 13 15 18
8 13 14 15 17 19 21
5 9 11 12 14 15 19
6 10 12 13 15 17 21
1 3 4 6 7 8 9
1 2 3 5 6 8 9
3 7 8 11 12 14 17
3 5 7 9 10 12 14
7 11 12 14 15 17 19
9 14 16 18 19 21 24
9 15 17 19 21 22 24
8 12 13 15 17 19 22
2 5 7 9 11 13 15
7
2 7 8 9 10 11 25
1 2 3 4 5 6 23
4 9 13 16 17 18 28
5 10 14 17 19 20 30
22 24 26 28 30 32 34
3 8 12 13 14 15 27
23 25 27 29 31 33 34
4 9 13 16 17 18 29
3 8 12 13 14 15 26
5 10 14 17 19 20 31
6 11 15 18 20 21 32
2 7 8 9 10 11 24
6 11 15 18 20 21 33
2
2 4
2 6
6 8
7
1 2 3 4 5 6 7
5 6 7 8 9 10 11
5 6 7 8 9 10 11
2 3 4 5 6 7 8
7 8 9 10 11 12 13
3 4 5 6 7 8 9
4 5 6 7 8 9 10
6 7 8 9 10 11 12
1 2 3 4 5 6 7
3 4 5 6 7 8 9
4 5 6 7 8 9 10
7 8 9 10 11 12 13
6 7 8 9 10 11 12
2
6 8
2 6
4 8
7
49 71 86 92 104 121 155
22 25 71 87 109 127 148
78 109 123 126 151 169 189
70 87 104 116 118 129 172
83 127 139 149 159 175 192
24 25 32 69 94 95 133
18 22 30 51 68 87 112
51 69 92 116 126 149 162
92 148 153 162 178 188 210
87 95 121 129 169 175 188
30 32 86 104 123 139 153
112 133 155 172 189 192 210
68 94 104 118 151 159 178
10
6 8 13 16 18 20 23 25 27 29
15 24 25 27 28 33 34 35 40 45
7 10 13 16 18 20 23 25 27 30
11 16 18 20 24 27 28 31 35 36
18 26 27 29 31 34 37 40 41 48
3 5 6 7 9 11 14 17 18 20
14 17 23 27 28 30 32 34 37 40
7 9 16 19 20 23 24 27 29 30
13 19 20 23 26 28 30 33 37 40
20 23 30 33 36 40 43 45 48 49
11 14 20 25 27 28 31 33 34 37
9 12 18 22 24 26 27 28 31 32
14 21 23 24 27 31 32 34 39 43
5 7 8 9 12 14 17 19 22 23
18 22 27 32 35 37 39 40 41 43
20 28 29 30 32 37 40 42 43 49
5 7 10 13 16 19 21 24 26 28
3 5 7 8 11 13 14 15 18 20
8 13 16 19 22 25 27 29 32 33
10
5 13 20 26 31 32 33 34 35 55
7 15 22 28 33 37 40 41 42 58
47 48 50 53 54 56 59 61 62 64
9 17 24 30 35 39 42 44 45 62
3 11 18 19 20 21 22 23 24 50
2 10 11 12 13 14 15 16 17 48
1 2 3 4 5 6 7 8 9 47
1 2 3 4 5 6 7 8 9 46
9 17 24 30 35 39 42 44 45 63
3 11 18 19 20 21 22 23 24 51
5 13 20 26 31 32 33 34 35 54
2 10 11 12 13 14 15 16 17 49
6 14 21 27 32 36 37 38 39 57
8 16 23 29 34 38 41 43 44 60
7 15 22 28 33 37 40 41 42 59
46 49 51 52 55 57 58 60 63 64
6 14 21 27 32 36 37 38 39 56
4 12 19 25 26 27 28 29 30 52
4 12 19 25 26 27 28 29 30 53
7
6 8 9 10 11 15 17
7 9 10 11 14 17 19
9 13 15 17 19 20 23
4 6 7 9 11 13 15
2 4 6 7 9 11 13
10 12 15 17 19 21 23
9 10 13 15 17 19 20
1 2 4 6 7 9 10
5 7 8 10 13 15 17
7 9 11 13 14 16 19
4 6 7 8 10 13 15
2 4 6 8 9 10 12
8 11 13 15 16 19 21
8
9 11 12 15 19 20 24 27
3 5 9 11 13 14 17 20
2 3 6 9 11 13 14 17
15 20 24 27 30 31 33 35
14 17 21 22 24 27 28 33
11 13 16 19 20 21 25 30
9 12 14 15 19 20 22 25
6 9 10 14 17 19 22 24
3 5 7 12 13 16 18 20
10 13 17 19 20 22 24 28
2 3 6 9 10 11 14 15
11 16 19 20 21 25 27 31
6 7 10 12 16 19 21 23
17 20 23 25 28 31 32 35
13 14 19 20 22 25 26 31
9
4 9 10 11 12 15 17 20 21
3 6 7 9 10 11 12 13 15
13 18 22 24 28 31 33 34 38
14 20 23 25 30 34 36 39 42
11 16 21 23 26 28 31 32 35
11 15 19 21 24 28 31 34 36
5 11 12 14 16 19 21 24 25
13 20 24 25 29 32 34 39 42
7 10 12 16 18 21 22 23 25
8 13 16 17 20 21 23 25 26
12 17 21 23 26 31 33 36 38
6 9 11 13 14 16 18 20 22
9 11 14 17 20 23 24 25 26
10 12 16 20 22 26 28 30 33
3 4 5 8 10 11 13 14 15
15 22 25 26 33 36 38 42 44
15 21 25 26 30 35 38 42 44
4
3 7 11 15
1 2 3 4
9 10 11 12
5 6 7 8
13 14 15 16
1 5 9 13
2 6 10 14
10
10 20 30 40 50 60 70 80 90 100
91 92 93 94 95 96 97 98 99 100
51 52 53 54 55 56 57 58 59 60
1 2 3 4 5 6 7 8 9 10
71 72 73 74 75 76 77 78 79 80
11 12 13 14 15 16 17 18 19 20
8 18 28 38 48 58 68 78 88 98
81 82 83 84 85 86 87 88 89 90
7 17 27 37 47 57 67 77 87 97
6 16 26 36 46 56 66 76 86 96
31 32 33 34 35 36 37 38 39 40
9 19 29 39 49 59 69 79 89 99
4 14 24 34 44 54 64 74 84 94
1 11 21 31 41 51 61 71 81 91
3 13 23 33 43 53 63 73 83 93
2 12 22 32 42 52 62 72 82 92
5 15 25 35 45 55 65 75 85 95
41 42 43 44 45 46 47 48 49 50
21 22 23 24 25 26 27 28 29 30
3
2 3 5
2 4 6
6 8 9
3 5 8
5 7 9
2
4 8
2 6
2 4
10
18 23 26 31 35 37 42 44 47 48
8 14 17 18 22 23 26 29 31 34
4 6 7 9 12 13 15 19 22 25
21 25 27 29 34 36 37 39 46 48
18 22 24 26 31 34 36 38 43 47
3 6 8 11 14 17 18 20 22 23
17 19 20 24 29 32 33 36 42 44
5 7 9 14 17 20 22 23 24 26
16 22 24 29 33 36 39 42 43 46
1 4 6 7 8 9 12 15 16 18
7 9 10 17 18 22 25 27 29 31
9 17 20 22 25 27 28 32 34 36
12 13 14 21 23 27 29 31 36 37
14 15 17 22 26 28 31 34 39 42
6 8 9 10 13 14 17 20 24 27
9 12 13 20 22 25 28 30 33 35
7 11 14 17 20 21 22 24 26 29
15 20 23 27 30 31 34 36 38 39
1 3 5 7 9 12 14 17 18 21
4
5 11 12 15
4 8 11 14
3 6 8 9
6 8 11 12
9 14 15 16
3 4 5 6
6 12 13 16
6
2 4 7 9 10 12
2 5 6 9 11 14
14 15 18 22 23 29
11 13 15 19 21 26
4 6 7 12 13 15
9 12 14 17 20 23
12 15 17 23 26 29
9 10 14 17 19 22
7 9 11 14 15 18
10 11 15 20 21 23
6 7 11 14 15 17
10
5 6 8 10 12 14 15 18 20 22
12 14 16 19 20 21 23 24 26 28
14 17 20 22 23 25 26 28 30 32
10 12 14 16 18 19 21 24 26 27
16 18 20 24 26 27 29 30 32 34
11 13 15 17 18 19 21 22 25 27
3 4 7 9 10 12 14 16 17 19
9 11 12 13 15 18 19 21 23 25
15 17 19 22 23 26 27 28 30 31
1 3 5 7 9 10 11 13 14 15
3 4 6 9 11 13 14 16 17 18
5 7 8 10 12 15 16 18 19 20
1 3 5 7 9 11 12 13 15 16
13 16 18 20 22 24 25 26 28 29
9 10 12 13 15 18 20 22 23 26
15 19 22 23 25 27 28 29 31 34
7 9 10 11 13 16 17 19 22 23
11 14 15 17 19 21 23 25 27 29
7 9 10 11 13 17 19 20 22 24
3
1 2 3
3 4 5
2 3 4
3 4 5
1 2 3
10
12 14 16 18 20 25 27 28 31 33
7 9 11 12 13 15 17 18 20 22
12 14 15 18 20 23 25 27 28 30
2 4 5 6 7 9 10 12 14 16
6 9 10 12 15 17 18 20 21 23
14 15 18 20 22 26 28 29 32 34
16 17 18 21 23 26 29 31 32 33
5 7 9 10 11 13 15 16 18 20
7 10 11 13 17 19 20 22 23 24
4 6 7 9 11 12 14 15 17 19
11 12 14 17 19 21 23 25 26 27
2 4 5 7 9 11 12 14 16 18
9 11 13 15 17 18 19 20 22 24
9 11 13 15 18 21 23 24 26 27
18 19 20 23 24 27 30 33 34 35
4 6 8 9 10 11 13 14 15 18
10 13 15 17 19 23 25 27 29 30
16 18 20 22 24 27 30 32 33 35
5 8 9 11 13 14 15 16 18 20
6
1 2 3 4 5 7
7 9 14 16 18 19
5 6 8 10 12 14
4 6 10 11 13 14
1 3 5 6 8 9
3 5 8 9 10 13
8 9 10 13 15 18
5 8 12 13 15 17
9 11 13 14 17 19
6 7 9 11 13 16
2 4 6 7 9 11
10
15 19 23 35 36 37 45 47 51 54
9 14 19 23 27 31 34 35 38 41
17 26 30 42 44 47 51 58 62 66
12 17 22 31 34 35 42 45 46 48
6 7 11 13 14 15 17 19 23 26
16 18 20 26 31 32 35 37 46 47
25 28 32 35 38 42 46 51 55 62
9 13 14 18 19 20 22 23 24 30
16 23 24 39 42 46 50 54 55 59
15 17 19 23 27 29 34 36 42 44
13 16 18 20 23 27 31 35 39 42
6 13 18 20 23 26 29 33 35 38
2 4 5 6 9 10 12 15 16 17
18 19 24 29 34 38 42 45 50 51
27 31 33 38 41 45 48 54 59 66
22 26 27 33 35 39 45 47 54 58
2 6 9 13 15 16 18 22 25 27
5 11 14 18 19 20 24 27 32 33
10 15 20 27 29 32 38 39 42 45
4
1 2 3 4
3 4 5 6
4 5 6 7
3 4 5 6
2 3 4 5
1 2 3 4
4 5 6 7
9
17 19 21 26 30 33 39 43 47
4 8 11 13 16 19 22 26 28
16 19 24 28 30 34 36 40 43
11 13 17 20 21 27 28 31 32
23 28 32 39 43 46 48 51 59
20 27 31 35 40 44 46 47 55
26 29 33 39 43 45 46 47 51
19 23 28 31 33 35 40 44 46
12 13 17 20 24 28 30 33 36
13 14 20 22 26 28 32 35 39
19 25 28 32 36 40 43 46 54
8 12 13 18 19 23 25 27 28
8 12 13 14 19 23 26 29 33
4 8 12 16 17 18 19 20 23
22 26 30 35 39 41 43 46 48
18 23 27 28 34 35 41 45 50
28 33 36 40 47 50 54 55 59
6
9 12 15 16 18 21
5 8 11 13 15 17
11 13 17 20 23 26
10 15 17 18 21 26
6 11 12 15 16 18
6 12 13 15 16 20
4 7 8 11 12 13
1 4 5 6 9 10
9 14 15 16 18 23
5 10 11 12 15 17
1 3 5 6 9 11
4
1 2 4 6
4 6 8 10
3 5 8 10
2 4 5 7
6 7 10 11
2 4 6 7
4 7 10 11
2
2 4
6 8
4 8
9
11 15 22 25 28 31 36 40 45
3 5 10 11 14 18 21 23 27
10 14 18 19 21 24 27 29 34
18 21 27 32 37 38 43 46 53
9 15 18 22 24 27 31 35 37
5 11 15 16 17 19 22 23 24
11 16 19 25 30 32 35 36 40
21 22 31 35 39 42 47 48 57
20 23 29 40 45 46 48 54 58
16 17 21 28 32 37 39 44 46
22 24 34 45 50 53 57 61 65
23 24 35 36 44 49 50 54 61
19 22 27 36 40 43 47 50 54
27 30 37 40 46 53 54 58 65
3 6 9 11 16 17 19 20 22
6 11 14 15 18 21 22 24 30
14 18 24 30 32 34 40 45 50
3
2 3 4
1 2 3
1 2 3
3 4 5
2 3 4
4
3 5 6 12
1 2 3 8
8 9 11 13
2 4 5 9
1 2 3 7
7 10 12 13
3 5 6 11
4
1 6 8 11
1 4 8 11
8 12 16 19
6 7 12 14
4 7 12 16
11 16 18 21
11 14 19 21
6
14 16 22 24 25 31
9 14 17 22 24 26
17 24 25 27 40 43
4 9 14 15 20 21
4 6 11 16 17 21
20 24 30 35 40 45
21 26 31 33 45 49
16 22 24 26 35 36
6 14 16 21 24 26
21 26 31 36 43 49
15 21 25 26 27 33
4
1 2 4 6
4 7 8 9
6 8 10 12
1 3 5 7
3 5 7 8
7 8 9 12
2 5 6 8
7
12 16 17 21 22 29 31
11 15 16 19 21 26 30
15 25 30 31 33 39 41
4 7 9 11 12 14 15
17 22 26 30 33 36 39
9 13 16 17 19 26 27
12 18 21 22 24 33 34
4 8 11 12 15 17 21
8 9 13 14 18 22 25
11 14 19 21 22 30 33
21 26 27 33 34 38 41
14 22 26 29 32 36 38
15 18 19 22 24 32 33
5
3 6 11 12 17
6 8 16 19 24
12 19 25 29 30
3 6 9 14 19
9 14 20 25 29
19 24 27 30 36
6 8 14 16 24
11 16 20 24 27
14 16 24 29 34
3
3 4 5
2 3 4
2 3 4
1 2 3
3 4 5
2
22 222
2 22
2 22
7
13 15 18 22 25 28 30
10 11 13 17 19 20 22
16 19 22 23 27 31 32
4 7 10 12 15 16 18
7 9 11 14 18 19 21
12 14 15 19 20 23 25
2 4 7 10 12 13 16
9 12 14 17 19 22 23
5 7 9 11 14 15 19
15 18 21 22 25 30 32
13 16 19 20 23 28 31
8 10 11 13 15 18 22
2 5 8 9 12 13 15
4
4 7 8 12
12 15 18 22
4 5 6 10
6 9 13 18
7 8 9 14
5 8 10 15
8 10 13 17
2
4 7
3 7
2 4
4
9 16 18 21
21 56 85 98
9 24 26 40
26 34 68 85
24 27 48 56
16 27 34 59
40 59 84 98
10
1 2 3 4 6 7 9 10 11 13
11 14 16 19 21 22 24 26 28 30
4 5 7 9 10 12 13 15 16 18
12 16 18 20 21 23 24 26 28 29
9 11 12 14 16 18 20 21 22 24
13 15 18 20 22 24 26 27 29 31
10 12 15 17 19 21 23 25 26 27
13 17 19 21 22 24 26 27 30 31
4 7 9 10 12 14 16 18 20 21
9 11 13 15 17 20 22 23 24 26
10 13 14 16 18 20 22 23 24 26
3 5 7 9 11 12 14 16 18 19
2 3 5 7 9 11 13 14 16 17
1 2 4 5 7 9 10 11 12 13
2 3 5 7 8 9 11 12 14 15
6 8 10 11 13 16 18 20 21 22
11 14 16 18 20 22 23 25 26 27
7 9 11 12 13 14 17 19 21 22
5 7 9 10 11 13 15 17 19 20
3
8 11 15
3 6 8
3 4 7
6 10 11
4 10 11
2
2 4
1 2
1 2
2
2 22
22 222
22 222
10
150 186 206 210 219 238 242 271 288 298
1 20 32 33 48 61 66 87 96 97
66 95 102 111 151 155 174 216 236 242
136 161 173 181 211 228 236 256 264 271
87 120 144 147 164 183 192 228 256 271
41 55 63 65 74 95 102 144 169 179
1 20 41 58 81 93 99 119 136 150
32 36 63 80 109 112 129 151 173 206
99 119 129 137 159 163 174 192 220 234
20 22 55 78 100 111 119 131 161 186
93 111 112 127 149 154 155 183 210 222
20 22 36 58 72 83 95 120 137 156
96 137 169 193 203 210 220 246 264 288
48 72 74 94 121 149 159 197 211 219
58 78 80 84 94 96 111 147 193 214
119 131 151 176 197 212 216 228 246 266
33 58 65 84 110 127 137 176 181 210
61 83 95 96 142 154 163 212 228 238
81 100 109 110 121 142 151 164 203 221
7
6 13 20 27 34 41 48
22 23 24 25 26 27 28
5 12 19 26 33 40 47
36 37 38 39 40 41 42
7 14 21 28 35 42 49
43 44 45 46 47 48 49
1 2 3 4 5 6 7
1 8 15 22 29 36 43
4 11 18 25 32 39 46
3 10 17 24 31 38 45
15 16 17 18 19 20 21
8 9 10 11 12 13 14
29 30 31 32 33 34 35
