Case #1: 3 4 6
Case #2: 2 3 4 5 6 7 8 9 10 11
Case #3: 4 7 8 11 12 13 16
Case #4: 1 2 3 4 5 6 22
Case #5: 4 8
Case #6: 2 3 4 5 6 7 8
Case #7: 2 4
Case #8: 18 24 49 70 78 83 92
Case #9: 17 19 25 29 31 33 34 35 40 42
Case #10: 8 16 23 29 34 38 41 43 44 61
Case #11: 1 2 4 5 7 8 9
Case #12: 14 18 22 24 25 26 28 32
Case #13: 10 14 18 20 22 24 26 29 30
Case #14: 4 8 12 16
Case #15: 61 62 63 64 65 66 67 68 69 70
Case #16: 4 5 7
Case #17: 6 8
Case #18: 12 18 22 25 28 29 31 33 36 37
Case #19: 8 11 12 13
Case #20: 5 6 9 10 11 15
Case #21: 13 16 18 19 21 22 24 26 28 30
Case #22: 2 3 4
Case #23: 14 15 16 20 22 24 27 28 29 32
Case #24: 3 4 5 6 8 9
Case #25: 4 7 13 16 17 18 19 26 28 31
Case #26: 2 3 4 5
Case #27: 16 18 20 22 28 31 35 39 40
Case #28: 3 7 10 12 14 15
Case #29: 1 2 3 4
Case #30: 2 6
Case #31: 17 19 24 31 34 38 42 49 53
Case #32: 3 4 5
Case #33: 2 4 5 10
Case #34: 8 12 16 18
Case #35: 11 17 22 25 30 31
Case #36: 5 6 8 10
Case #37: 7 9 15 16 18 22 26
Case #38: 17 24 29 34 36
Case #39: 1 2 3
Case #40: 22 222
Case #41: 12 15 18 19 20 25 27
Case #42: 10 14 17 22
Case #43: 2 3
Case #44: 18 48 68 84
Case #45: 7 9 12 13 14 18 20 22 23 24
Case #46: 7 11 15
Case #47: 2 4
Case #48: 2 22
Case #49: 97 156 179 214 221 222 234 266 271 298
Case #50: 2 9 16 23 30 37 44
