Case #1: 3 4 6
Case #2: 12 13 19 23 28 30
Case #3: 18 21 28 30 35 36 38 45
Case #4: 6 10 11 14
Case #5: 15 19 22 24 26 29 32 35
Case #6: 6 8
Case #7: 1 3 4
Case #8: 3 5 8 9 11 13 14
Case #9: 2 22
Case #10: 3 4 5
Case #11: 5 6 7 9 11 12 14
Case #12: 4 7 9 11 13 16 19 22 24 26
Case #13: 2 4 5
Case #14: 6 7 8 9 10 11 12
Case #15: 9 13 17 19 20 21 23 26 29 30
Case #16: 14 20 26 28 29 35 37 40 44
Case #17: 13 15 19 23 25 27 28 34 37
Case #18: 5 8 11 12 16
Case #19: 1 5 9 13
Case #20: 13 32 38 40
Case #21: 10 12 15
Case #22: 7 10 12 13
Case #23: 5 8 12 14
Case #24: 5 10 14
Case #25: 1 2 3
Case #26: 3 4 6 7
Case #27: 61 62 63 64 65 66 67 68 69 70
Case #28: 4 12 19 25 26 27 28 29 30 53
Case #29: 1 2 3
Case #30: 2 3 4
Case #31: 11 15 18
Case #32: 9 12 15 17
Case #33: 6 11 15 18 20 21 33
Case #34: 2 3 6 8 10 11 14
Case #35: 33 38 44 49 53 56 64 66 68 72
Case #36: 7 8
Case #37: 3 4
Case #38: 4 5 6 7
Case #39: 22 48 64 88 104 122 130
Case #40: 2 4 6 7 8 10 11 12
Case #41: 2 4
Case #42: 17 20 23 26 30 31 35 37 38 41
Case #43: 145 163 168 203 213 247 268 277 286 292
Case #44: 5 6 7 8 9 10 11 12 13 14
Case #45: 18 21 25 30 31 33 37 42 46
Case #46: 2 6
Case #47: 8 11 14 15 17 19 20 21
Case #48: 22 222
Case #49: 4 8
Case #50: 6 13 20 27 34 41 48
